0.000000 -1.933288 0.634665 0.671280 0.000000 0.000000 0.000000
0.002863 -1.924013 0.624670 0.668219 0.000000 0.000000 0.000000
0.005727 -1.914861 0.614900 0.664909 0.000000 0.000000 0.000000
0.008590 -1.905833 0.605359 0.661353 0.000000 0.000000 0.000000
0.011454 -1.896926 0.596053 0.657551 0.000000 0.000000 0.000000
0.014317 -1.888140 0.586986 0.653507 0.000000 0.000000 0.000000
0.017181 -1.879474 0.578160 0.649221 0.000000 0.000000 0.000000
0.020044 -1.870927 0.569580 0.644695 0.000000 0.000000 0.000000
0.022908 -1.862497 0.561248 0.639932 0.000000 0.000000 0.000000
0.025771 -1.854183 0.553167 0.634934 0.000000 0.000000 0.000000
0.028635 -1.845984 0.545339 0.629702 0.000000 0.000000 0.000000
0.031498 -1.837898 0.537766 0.624239 0.000000 0.000000 0.000000
0.034361 -1.829925 0.530449 0.618548 0.000000 0.000000 0.000000
0.037225 -1.822062 0.523390 0.612630 0.000000 0.000000 0.000000
0.040088 -1.814310 0.516588 0.606487 0.000000 0.000000 0.000000
0.042952 -1.806665 0.510045 0.600123 0.000000 0.000000 0.000000
0.045815 -1.799128 0.503761 0.593540 0.000000 0.000000 0.000000
0.048679 -1.791696 0.497736 0.586739 0.000000 0.000000 0.000000
0.051542 -1.784368 0.491970 0.579723 0.000000 0.000000 0.000000
0.054406 -1.777142 0.486461 0.572495 0.000000 0.000000 0.000000
0.057269 -1.770018 0.481209 0.565057 0.000000 0.000000 0.000000
0.060132 -1.762994 0.476213 0.557411 0.000000 0.000000 0.000000
0.062996 -1.756068 0.471472 0.549560 0.000000 0.000000 0.000000
0.065859 -1.749239 0.466984 0.541505 0.000000 0.000000 0.000000
0.068723 -1.742506 0.462749 0.533249 0.000000 0.000000 0.000000
0.071586 -1.735868 0.458763 0.524795 0.000000 0.000000 0.000000
0.074450 -1.729322 0.455026 0.516143 0.000000 0.000000 0.000000
0.077313 -1.722867 0.451535 0.507297 0.000000 0.000000 0.000000
0.080177 -1.716503 0.448288 0.498258 0.000000 0.000000 0.000000
0.083040 -1.710228 0.445283 0.489029 0.000000 0.000000 0.000000
0.085904 -1.704039 0.442518 0.479610 0.000000 0.000000 0.000000
0.088767 -1.697937 0.439991 0.470004 0.000000 0.000000 0.000000
0.091630 -1.691920 0.437698 0.460213 0.000000 0.000000 0.000000
0.094494 -1.685986 0.435639 0.450237 0.000000 0.000000 0.000000
0.097357 -1.680133 0.433810 0.440079 0.000000 0.000000 0.000000
