0.000000 -2.899932 0.951998 0.671280 0.000000 0.000000 0.000000
0.002805 -2.890142 0.944634 0.665144 0.000000 0.000000 0.000000
0.005609 -2.880603 0.937511 0.658781 0.000000 0.000000 0.000000
0.008414 -2.871307 0.930630 0.652195 0.000000 0.000000 0.000000
0.011218 -2.862247 0.923996 0.645388 0.000000 0.000000 0.000000
0.014023 -2.853415 0.917608 0.638362 0.000000 0.000000 0.000000
0.016828 -2.844804 0.911469 0.631120 0.000000 0.000000 0.000000
0.019632 -2.836406 0.905580 0.623664 0.000000 0.000000 0.000000
0.022437 -2.828216 0.899940 0.615997 0.000000 0.000000 0.000000
0.025241 -2.820227 0.894551 0.608121 0.000000 0.000000 0.000000
0.028046 -2.812432 0.889413 0.600039 0.000000 0.000000 0.000000
0.030850 -2.804825 0.884524 0.591753 0.000000 0.000000 0.000000
0.033655 -2.797401 0.879885 0.583266 0.000000 0.000000 0.000000
0.036460 -2.790154 0.875493 0.574580 0.000000 0.000000 0.000000
0.039264 -2.783077 0.871350 0.565697 0.000000 0.000000 0.000000
0.042069 -2.776167 0.867452 0.556620 0.000000 0.000000 0.000000
0.044873 -2.769417 0.863798 0.547351 0.000000 0.000000 0.000000
0.047678 -2.762824 0.860387 0.537891 0.000000 0.000000 0.000000
0.050483 -2.756381 0.857217 0.528244 0.000000 0.000000 0.000000
0.053287 -2.750085 0.854286 0.518410 0.000000 0.000000 0.000000
0.056092 -2.743930 0.851592 0.508393 0.000000 0.000000 0.000000
0.058896 -2.737914 0.849132 0.498193 0.000000 0.000000 0.000000
0.061701 -2.732031 0.846905 0.487812 0.000000 0.000000 0.000000
0.064506 -2.726277 0.844908 0.477253 0.000000 0.000000 0.000000
0.067310 -2.720649 0.843139 0.466516 0.000000 0.000000 0.000000
0.070115 -2.715143 0.841596 0.455603 0.000000 0.000000 0.000000
0.072919 -2.709755 0.840275 0.444516 0.000000 0.000000 0.000000
0.075724 -2.704483 0.839175 0.433255 0.000000 0.000000 0.000000
0.078529 -2.699321 0.838294 0.421822 0.000000 0.000000 0.000000
0.081333 -2.694268 0.837629 0.410218 0.000000 0.000000 0.000000
0.084138 -2.689321 0.837177 0.398443 0.000000 0.000000 0.000000
0.086942 -2.684475 0.836936 0.386499 0.000000 0.000000 0.000000
0.089747 -2.679729 0.836904 0.374385 0.000000 0.000000 0.000000
0.092551 -2.675079 0.837079 0.362104 0.000000 0.000000 0.000000
0.095356 -2.670522 0.837459 0.349654 0.000000 0.000000 0.000000
