0.000000 1.208305 -0.634665 0.671280 0.000000 0.000000 0.000000
0.003729 1.220160 -0.629037 0.658607 0.000000 0.000000 0.000000
0.007458 1.231879 -0.623209 0.645809 0.000000 0.000000 0.000000
0.011188 1.243460 -0.617189 0.632888 0.000000 0.000000 0.000000
0.014917 1.254902 -0.610985 0.619845 0.000000 0.000000 0.000000
0.018646 1.266206 -0.604602 0.606680 0.000000 0.000000 0.000000
0.022375 1.277370 -0.598047 0.593395 0.000000 0.000000 0.000000
0.026104 1.288395 -0.591326 0.579989 0.000000 0.000000 0.000000
0.029833 1.299281 -0.584444 0.566464 0.000000 0.000000 0.000000
0.033563 1.310027 -0.577408 0.552819 0.000000 0.000000 0.000000
0.037292 1.320635 -0.570220 0.539055 0.000000 0.000000 0.000000
0.041021 1.331103 -0.562887 0.525172 0.000000 0.000000 0.000000
0.044750 1.341434 -0.555413 0.511169 0.000000 0.000000 0.000000
0.048479 1.351626 -0.547802 0.497047 0.000000 0.000000 0.000000
0.052208 1.361682 -0.540057 0.482805 0.000000 0.000000 0.000000
0.055938 1.371601 -0.532183 0.468442 0.000000 0.000000 0.000000
0.059667 1.381385 -0.524183 0.453958 0.000000 0.000000 0.000000
0.063396 1.391035 -0.516059 0.439353 0.000000 0.000000 0.000000
0.067125 1.400550 -0.507815 0.424624 0.000000 0.000000 0.000000
0.070854 1.409934 -0.499453 0.409772 0.000000 0.000000 0.000000
0.074583 1.419186 -0.490975 0.394796 0.000000 0.000000 0.000000
0.078313 1.428308 -0.482385 0.379693 0.000000 0.000000 0.000000
0.082042 1.437300 -0.473684 0.364463 0.000000 0.000000 0.000000
0.085771 1.446166 -0.464873 0.349104 0.000000 0.000000 0.000000
0.089500 1.454905 -0.455954 0.333614 0.000000 0.000000 0.000000
0.093229 1.463519 -0.446929 0.317992 0.000000 0.000000 0.000000
0.096958 1.472009 -0.437799 0.302235 0.000000 0.000000 0.000000
0.100688 1.480378 -0.428565 0.286342 0.000000 0.000000 0.000000
0.104417 1.488626 -0.419227 0.270310 0.000000 0.000000 0.000000
0.108146 1.496755 -0.409786 0.254136 0.000000 0.000000 0.000000
0.111875 1.504766 -0.400243 0.237819 0.000000 0.000000 0.000000
0.115604 1.512661 -0.390598 0.221355 0.000000 0.000000 0.000000
0.119333 1.520441 -0.380850 0.204742 0.000000 0.000000 0.000000
0.123063 1.528109 -0.371000 0.187976 0.000000 0.000000 0.000000
0.126792 1.535665 -0.361047 0.171053 0.000000 0.000000 0.000000
