0.000000 2.416610 0.634665 0.671280 0.000000 0.000000 0.000000
0.002944 2.422032 0.626679 0.664086 0.000000 0.000000 0.000000
0.005887 2.427344 0.619016 0.656665 0.000000 0.000000 0.000000
0.008831 2.432547 0.611674 0.649022 0.000000 0.000000 0.000000
0.011774 2.437645 0.604650 0.641159 0.000000 0.000000 0.000000
0.014718 2.442641 0.597942 0.633080 0.000000 0.000000 0.000000
0.017661 2.447537 0.591548 0.624788 0.000000 0.000000 0.000000
0.020605 2.452337 0.585464 0.616285 0.000000 0.000000 0.000000
0.023549 2.457042 0.579687 0.607576 0.000000 0.000000 0.000000
0.026492 2.461656 0.574214 0.598662 0.000000 0.000000 0.000000
0.029436 2.466180 0.569041 0.589548 0.000000 0.000000 0.000000
0.032379 2.470618 0.564164 0.580235 0.000000 0.000000 0.000000
0.035323 2.474972 0.559580 0.570726 0.000000 0.000000 0.000000
0.038266 2.479243 0.555285 0.561024 0.000000 0.000000 0.000000
0.041210 2.483434 0.551275 0.551131 0.000000 0.000000 0.000000
0.044154 2.487547 0.547546 0.541051 0.000000 0.000000 0.000000
0.047097 2.491584 0.544094 0.530784 0.000000 0.000000 0.000000
0.050041 2.495547 0.540915 0.520334 0.000000 0.000000 0.000000
0.052984 2.499438 0.538005 0.509702 0.000000 0.000000 0.000000
0.055928 2.503259 0.535360 0.498891 0.000000 0.000000 0.000000
0.058872 2.507011 0.532976 0.487901 0.000000 0.000000 0.000000
0.061815 2.510696 0.530849 0.476736 0.000000 0.000000 0.000000
0.064759 2.514316 0.528976 0.465396 0.000000 0.000000 0.000000
0.067702 2.517873 0.527351 0.453883 0.000000 0.000000 0.000000
0.070646 2.521368 0.525973 0.442199 0.000000 0.000000 0.000000
0.073589 2.524802 0.524836 0.430344 0.000000 0.000000 0.000000
0.076533 2.528178 0.523937 0.418319 0.000000 0.000000 0.000000
0.079477 2.531496 0.523273 0.406126 0.000000 0.000000 0.000000
0.082420 2.534758 0.522841 0.393766 0.000000 0.000000 0.000000
0.085364 2.537965 0.522636 0.381238 0.000000 0.000000 0.000000
0.088307 2.541119 0.522656 0.368544 0.000000 0.000000 0.000000
0.091251 2.544220 0.522898 0.355684 0.000000 0.000000 0.000000
0.094194 2.547271 0.523358 0.342658 0.000000 0.000000 0.000000
0.097138 2.550271 0.524034 0.329466 0.000000 0.000000 0.000000
0.100082 2.553223 0.524923 0.316109 0.000000 0.000000 0.000000
