0.000000 -2.899932 0.634665 0.671280 0.000000 0.000000 0.000000
0.002839 -2.895453 0.624755 0.665324 0.000000 0.000000 0.000000
0.005678 -2.891060 0.615171 0.659127 0.000000 0.000000 0.000000
0.008517 -2.886751 0.605914 0.652691 0.000000 0.000000 0.000000
0.011356 -2.882523 0.596982 0.646021 0.000000 0.000000 0.000000
0.014195 -2.878375 0.588376 0.639119 0.000000 0.000000 0.000000
0.017035 -2.874305 0.580092 0.631988 0.000000 0.000000 0.000000
0.019874 -2.870309 0.572131 0.624631 0.000000 0.000000 0.000000
0.022713 -2.866388 0.564489 0.617052 0.000000 0.000000 0.000000
0.025552 -2.862537 0.557165 0.609254 0.000000 0.000000 0.000000
0.028391 -2.858757 0.550156 0.601240 0.000000 0.000000 0.000000
0.031230 -2.855044 0.543459 0.593011 0.000000 0.000000 0.000000
0.034069 -2.851397 0.537071 0.584573 0.000000 0.000000 0.000000
0.036908 -2.847815 0.530990 0.575927 0.000000 0.000000 0.000000
0.039747 -2.844296 0.525212 0.567076 0.000000 0.000000 0.000000
0.042586 -2.840839 0.519734 0.558022 0.000000 0.000000 0.000000
0.045426 -2.837441 0.514552 0.548770 0.000000 0.000000 0.000000
0.048265 -2.834102 0.509663 0.539320 0.000000 0.000000 0.000000
0.051104 -2.830819 0.505063 0.529675 0.000000 0.000000 0.000000
0.053943 -2.827592 0.500748 0.519839 0.000000 0.000000 0.000000
0.056782 -2.824420 0.496715 0.509812 0.000000 0.000000 0.000000
0.059621 -2.821300 0.492959 0.499598 0.000000 0.000000 0.000000
0.062460 -2.818233 0.489478 0.489198 0.000000 0.000000 0.000000
0.065299 -2.815215 0.486266 0.478614 0.000000 0.000000 0.000000
0.068138 -2.812247 0.483321 0.467848 0.000000 0.000000 0.000000
0.070977 -2.809327 0.480639 0.456901 0.000000 0.000000 0.000000
0.073816 -2.806455 0.478215 0.445776 0.000000 0.000000 0.000000
0.076656 -2.803628 0.476046 0.434473 0.000000 0.000000 0.000000
0.079495 -2.800846 0.474129 0.422995 0.000000 0.000000 0.000000
0.082334 -2.798108 0.472460 0.411342 0.000000 0.000000 0.000000
0.085173 -2.795413 0.471035 0.399514 0.000000 0.000000 0.000000
0.088012 -2.792760 0.469851 0.387515 0.000000 0.000000 0.000000
0.090851 -2.790147 0.468904 0.375343 0.000000 0.000000 0.000000
0.093690 -2.787575 0.468192 0.363000 0.000000 0.000000 0.000000
0.096529 -2.785043 0.467711 0.350486 0.000000 0.000000 0.000000
