0.000000 -0.241661 -0.158666 0.671280 0.000000 0.000000 0.000000
0.002944 -0.250783 -0.163280 0.663662 0.000000 0.000000 0.000000
0.005889 -0.259859 -0.167573 0.655835 0.000000 0.000000 0.000000
0.008833 -0.268888 -0.171550 0.647802 0.000000 0.000000 0.000000
0.011778 -0.277868 -0.175215 0.639566 0.000000 0.000000 0.000000
0.014722 -0.286799 -0.178573 0.631130 0.000000 0.000000 0.000000
0.017667 -0.295680 -0.181628 0.622497 0.000000 0.000000 0.000000
0.020611 -0.304509 -0.184383 0.613670 0.000000 0.000000 0.000000
0.023556 -0.313286 -0.186845 0.604652 0.000000 0.000000 0.000000
0.026500 -0.322010 -0.189017 0.595446 0.000000 0.000000 0.000000
0.029445 -0.330680 -0.190905 0.586053 0.000000 0.000000 0.000000
0.032389 -0.339295 -0.192512 0.576478 0.000000 0.000000 0.000000
0.035334 -0.347855 -0.193845 0.566721 0.000000 0.000000 0.000000
0.038278 -0.356359 -0.194907 0.556785 0.000000 0.000000 0.000000
0.041223 -0.364805 -0.195704 0.546673 0.000000 0.000000 0.000000
0.044167 -0.373194 -0.196239 0.536387 0.000000 0.000000 0.000000
0.047112 -0.381525 -0.196518 0.525928 0.000000 0.000000 0.000000
0.050056 -0.389798 -0.196546 0.515299 0.000000 0.000000 0.000000
0.053001 -0.398011 -0.196326 0.504501 0.000000 0.000000 0.000000
0.055945 -0.406165 -0.195864 0.493536 0.000000 0.000000 0.000000
0.058890 -0.414258 -0.195164 0.482405 0.000000 0.000000 0.000000
0.061834 -0.422292 -0.194229 0.471109 0.000000 0.000000 0.000000
0.064779 -0.430264 -0.193065 0.459651 0.000000 0.000000 0.000000
0.067723 -0.438176 -0.191675 0.448031 0.000000 0.000000 0.000000
0.070668 -0.446026 -0.190064 0.436250 0.000000 0.000000 0.000000
0.073612 -0.453814 -0.188235 0.424309 0.000000 0.000000 0.000000
0.076557 -0.461541 -0.186193 0.412209 0.000000 0.000000 0.000000
0.079501 -0.469205 -0.183940 0.399950 0.000000 0.000000 0.000000
0.082446 -0.476808 -0.181480 0.387533 0.000000 0.000000 0.000000
0.085390 -0.484348 -0.178817 0.374959 0.000000 0.000000 0.000000
0.088335 -0.491826 -0.175954 0.362227 0.000000 0.000000 0.000000
0.091279 -0.499241 -0.172894 0.349338 0.000000 0.000000 0.000000
0.094224 -0.506594 -0.169641 0.336292 0.000000 0.000000 0.000000
0.097168 -0.513885 -0.166196 0.323088 0.000000 0.000000 0.000000
0.100113 -0.521113 -0.162564 0.309726 0.000000 0.000000 0.000000
